66666 2306   66 0007 2306 0 6 KHANUN                             20240322
2023072606 1  88 1415 1002      13
2023072612 1  96 1409 1002      13
2023072618 1 106 1404 1002      13
2023072700 1 113 1397 1000      15
2023072706 1 117 1386 1000      15
2023072712 1 121 1379 1000      15
2023072718 1 126 1372 1000      15
2023072800 2 130 1366  998      18
2023072806 2 134 1362  998      18
2023072812 2 142 1356  998      18
2023072818 2 148 1349  998      18
2023072900 2 155 1341  995      20
2023072906 2 164 1337  990      23
2023072912 3 170 1334  985      25
2023072918 3 177 1331  982      28
2023073000 4 187 1328  975      33
2023073006 4 195 1327  965      38
2023073012 5 203 1324  955      42
2023073018 5 211 1322  945      48
2023073100 5 221 1320  945      48
2023073106 6 228 1315  935      52
2023073112 6 234 1311  935      52
2023073118 6 240 1303  935      52
2023080100 6 246 1294  930      55
2023080106 6 250 1287  930      55
2023080112 6 253 1280  930      55
2023080118 6 255 1274  935      52
2023080200 6 257 1268  935      52
2023080206 5 260 1261  945      48
2023080212 5 262 1256  945      48
2023080218 5 265 1250  945      48
2023080300 5 266 1247  945      48
2023080306 5 267 1243  950      45
2023080312 5 267 1242  955      42
2023080318 4 268 1242  965      38
2023080400 4 270 1245  965      38
2023080406 4 272 1251  965      38
2023080412 4 275 1257  968      33
2023080418 3 277 1264  970      30
2023080500 3 277 1269  970      30
2023080506 3 278 1276  970      30
2023080512 3 278 1284  972      28
2023080518 3 279 1289  972      28
2023080600 3 277 1295  972      28
2023080606 3 277 1300  972      28
2023080612 3 275 1305  972      28
2023080618 3 276 1308  972      28
2023080700 3 278 1310  972      28
2023080706 3 279 1311  972      28
2023080712 3 282 1312  975      25
2023080718 3 284 1311  975      25
2023080800 3 290 1309  975      25
2023080806 3 294 1307  972      28
2023080812 3 299 1304  972      28
2023080818 3 304 1297  972      28
2023080900 3 309 1293  972      28
2023080906 3 316 1289  972      28
2023080912 3 324 1287  972      28
2023080918 3 334 1287  975      25
2023081000 2 347 1287  980      23
2023081006 2 366 1281  985      20
2023081012 2 377 1276  990      20
2023081018 2 383 1270  994      18
2023081100 1 388 1261  996      15
2023081106 1 390 1251  996      15
2023081112 1 390 1243  998      13
